(kicad_pcb (version 20171130) (host pcbnew "(5.1.2)-1")

  (general
    (thickness 1.6)
    (drawings 7)
    (tracks 0)
    (zones 0)
    (modules 354)
    (nets 286)
  )

  (page A4)
  (layers
    (0 F.Cu signal)
    (31 B.Cu signal)
    (32 B.Adhes user)
    (33 F.Adhes user)
    (34 B.Paste user)
    (35 F.Paste user)
    (36 B.SilkS user)
    (37 F.SilkS user)
    (38 B.Mask user)
    (39 F.Mask user)
    (40 Dwgs.User user)
    (41 Cmts.User user)
    (42 Eco1.User user)
    (43 Eco2.User user)
    (44 Edge.Cuts user)
    (45 Margin user)
    (46 B.CrtYd user)
    (47 F.CrtYd user)
    (48 B.Fab user)
    (49 F.Fab user)
  )

  (setup
    (last_trace_width 0.25)
    (trace_clearance 0.2)
    (zone_clearance 0.508)
    (zone_45_only no)
    (trace_min 0.2)
    (via_size 0.8)
    (via_drill 0.4)
    (via_min_size 0.4)
    (via_min_drill 0.3)
    (uvia_size 0.3)
    (uvia_drill 0.1)
    (uvias_allowed no)
    (uvia_min_size 0.2)
    (uvia_min_drill 0.1)
    (edge_width 0.05)
    (segment_width 0.2)
    (pcb_text_width 0.3)
    (pcb_text_size 1.5 1.5)
    (mod_edge_width 0.12)
    (mod_text_size 1 1)
    (mod_text_width 0.15)
    (pad_size 1.524 1.524)
    (pad_drill 0.762)
    (pad_to_mask_clearance 0.051)
    (solder_mask_min_width 0.25)
    (aux_axis_origin 0 0)
    (visible_elements 7FFFF7FF)
    (pcbplotparams
      (layerselection 0x010fc_ffffffff)
      (usegerberextensions false)
      (usegerberattributes false)
      (usegerberadvancedattributes false)
      (creategerberjobfile false)
      (excludeedgelayer true)
      (linewidth 0.100000)
      (plotframeref false)
      (viasonmask false)
      (mode 1)
      (useauxorigin false)
      (hpglpennumber 1)
      (hpglpenspeed 20)
      (hpglpendiameter 15.000000)
      (psnegative false)
      (psa4output false)
      (plotreference true)
      (plotvalue true)
      (plotinvisibletext false)
      (padsonsilk false)
      (subtractmaskfromsilk false)
      (outputformat 1)
      (mirror false)
      (drillshape 1)
      (scaleselection 1)
      (outputdirectory ""))
  )

  (net 0 "")
  (net 1 SWGND)
  (net 2 VBAT)
  (net 3 +5V)
  (net 4 "Net-(BZ1-Pad2)")
  (net 5 VCAP)
  (net 6 NRST)
  (net 7 SW_VDD)
  (net 8 PH0)
  (net 9 PH1)
  (net 10 VDDA)
  (net 11 RTC_PH0)
  (net 12 RTC_PH1)
  (net 13 Supply_check)
  (net 14 "Net-(C15-Pad1)")
  (net 15 "Net-(C16-Pad1)")
  (net 16 VDD_Fused)
  (net 17 SupplyVoltage)
  (net 18 +12V)
  (net 19 5V_USB)
  (net 20 "Net-(C28-Pad1)")
  (net 21 "Net-(C29-Pad1)")
  (net 22 "Net-(C30-Pad1)")
  (net 23 Temp1)
  (net 24 Temp3)
  (net 25 Temp4)
  (net 26 Temp2)
  (net 27 Can1_H)
  (net 28 Can1_L)
  (net 29 "Net-(D4-Pad2)")
  (net 30 "Net-(D5-Pad1)")
  (net 31 "Net-(D6-Pad2)")
  (net 32 "Net-(D7-Pad1)")
  (net 33 "Net-(D8-Pad2)")
  (net 34 "Net-(D10-Pad2)")
  (net 35 "Net-(D11-Pad2)")
  (net 36 "Net-(D12-Pad2)")
  (net 37 "Net-(D13-Pad2)")
  (net 38 VDD)
  (net 39 SensorSupply)
  (net 40 "Net-(F2-Pad1)")
  (net 41 "Net-(F3-Pad2)")
  (net 42 "Net-(F4-Pad2)")
  (net 43 "Net-(F5-Pad2)")
  (net 44 "Net-(F6-Pad2)")
  (net 45 "Net-(F7-Pad2)")
  (net 46 "Net-(F8-Pad2)")
  (net 47 "Net-(F9-Pad2)")
  (net 48 "Net-(F10-Pad2)")
  (net 49 "Net-(F11-Pad2)")
  (net 50 "Net-(F12-Pad2)")
  (net 51 "Net-(F13-Pad2)")
  (net 52 "Net-(F14-Pad2)")
  (net 53 "Net-(F15-Pad2)")
  (net 54 "Net-(F16-Pad2)")
  (net 55 "Net-(F17-Pad2)")
  (net 56 "Net-(F18-Pad2)")
  (net 57 "Net-(F19-Pad2)")
  (net 58 "Net-(F20-Pad2)")
  (net 59 SWCLK)
  (net 60 SWDIO)
  (net 61 "Net-(J2-Pad6)")
  (net 62 "Net-(J4-Pad9)")
  (net 63 SDIO_D1)
  (net 64 SDIO_D2)
  (net 65 SDIO_D3)
  (net 66 SDIO_CMD)
  (net 67 SDIO_CK)
  (net 68 SDIO_D0)
  (net 69 "Net-(J4-Pad10)")
  (net 70 "Net-(J5-Pad1)")
  (net 71 "Net-(J6-Pad2)")
  (net 72 "Net-(J7-Pad2)")
  (net 73 "Net-(J8-Pad2)")
  (net 74 "Net-(J9-Pad2)")
  (net 75 "Net-(J10-Pad2)")
  (net 76 "Net-(J10-Pad3)")
  (net 77 "Net-(J10-Pad4)")
  (net 78 "Net-(Q1-Pad1)")
  (net 79 "Net-(Q2-Pad3)")
  (net 80 Out1)
  (net 81 "Net-(Q2-Pad1)")
  (net 82 "Net-(Q3-Pad3)")
  (net 83 Out2)
  (net 84 "Net-(Q3-Pad1)")
  (net 85 "Net-(Q4-Pad3)")
  (net 86 Out3)
  (net 87 "Net-(Q4-Pad1)")
  (net 88 "Net-(Q5-Pad3)")
  (net 89 Out4)
  (net 90 "Net-(Q10-Pad3)")
  (net 91 "Net-(Q11-Pad3)")
  (net 92 Out5)
  (net 93 "Net-(Q6-Pad3)")
  (net 94 "Net-(Q7-Pad1)")
  (net 95 "Net-(Q8-Pad1)")
  (net 96 "Net-(Q9-Pad1)")
  (net 97 "Net-(Q10-Pad1)")
  (net 98 "Net-(Q11-Pad1)")
  (net 99 "Net-(Q12-Pad1)")
  (net 100 Out6)
  (net 101 "Net-(Q12-Pad3)")
  (net 102 "Net-(Q13-Pad1)")
  (net 103 Out7)
  (net 104 "Net-(Q13-Pad3)")
  (net 105 "Net-(Q14-Pad3)")
  (net 106 Out8)
  (net 107 "Net-(Q14-Pad1)")
  (net 108 "Net-(Q15-Pad1)")
  (net 109 Out9)
  (net 110 "Net-(Q15-Pad3)")
  (net 111 "Net-(Q16-Pad3)")
  (net 112 Out10)
  (net 113 "Net-(Q16-Pad1)")
  (net 114 "Net-(Q17-Pad1)")
  (net 115 "Net-(Q18-Pad1)")
  (net 116 "Net-(Q19-Pad1)")
  (net 117 "Net-(Q20-Pad1)")
  (net 118 "Net-(Q21-Pad1)")
  (net 119 "Net-(Q22-Pad3)")
  (net 120 Out11)
  (net 121 "Net-(Q22-Pad1)")
  (net 122 "Net-(Q23-Pad1)")
  (net 123 Out12)
  (net 124 "Net-(Q23-Pad3)")
  (net 125 "Net-(Q24-Pad3)")
  (net 126 Safety)
  (net 127 "Net-(Q24-Pad1)")
  (net 128 "Net-(Q25-Pad1)")
  (net 129 "Net-(Q26-Pad1)")
  (net 130 "Net-(Q27-Pad1)")
  (net 131 "Net-(Q28-Pad1)")
  (net 132 Out21)
  (net 133 "Net-(Q28-Pad3)")
  (net 134 "Net-(Q29-Pad1)")
  (net 135 "Net-(Q30-Pad1)")
  (net 136 Out22)
  (net 137 "Net-(Q30-Pad3)")
  (net 138 "Net-(Q31-Pad1)")
  (net 139 "Net-(Q32-Pad1)")
  (net 140 Out23)
  (net 141 "Net-(Q32-Pad3)")
  (net 142 "Net-(Q33-Pad1)")
  (net 143 "Net-(Q34-Pad1)")
  (net 144 "Net-(Q35-Pad1)")
  (net 145 "Net-(Q36-Pad1)")
  (net 146 "Net-(Q37-Pad1)")
  (net 147 "Net-(Q38-Pad1)")
  (net 148 "Net-(Q39-Pad1)")
  (net 149 "Net-(Q40-Pad3)")
  (net 150 Out25)
  (net 151 "Net-(Q40-Pad1)")
  (net 152 "Net-(Q41-Pad1)")
  (net 153 Out26)
  (net 154 "Net-(Q41-Pad3)")
  (net 155 "Net-(Q42-Pad1)")
  (net 156 "Net-(Q43-Pad1)")
  (net 157 "Net-(Q44-Pad1)")
  (net 158 Drive21_1)
  (net 159 Drive22_1)
  (net 160 "Net-(Q45-Pad1)")
  (net 161 "Net-(Q46-Pad1)")
  (net 162 Drive23_1)
  (net 163 BOOT0)
  (net 164 Buzzer)
  (net 165 "Net-(R19-Pad2)")
  (net 166 "Net-(R20-Pad2)")
  (net 167 "Net-(R21-Pad2)")
  (net 168 "Net-(R22-Pad2)")
  (net 169 "Net-(R23-Pad2)")
  (net 170 Curent1)
  (net 171 Curent2)
  (net 172 Curent3)
  (net 173 Curent4)
  (net 174 Curent5)
  (net 175 Drive1)
  (net 176 Drive2)
  (net 177 Drive3)
  (net 178 Drive4)
  (net 179 Drive5)
  (net 180 "Net-(R49-Pad2)")
  (net 181 "Net-(R50-Pad2)")
  (net 182 "Net-(R51-Pad2)")
  (net 183 "Net-(R52-Pad2)")
  (net 184 "Net-(R53-Pad2)")
  (net 185 Curent6)
  (net 186 Curent7)
  (net 187 Curent8)
  (net 188 Curent9)
  (net 189 Curent10)
  (net 190 Drive6)
  (net 191 Drive7)
  (net 192 Drive8)
  (net 193 Drive9)
  (net 194 Drive10)
  (net 195 "Net-(R79-Pad2)")
  (net 196 "Net-(R80-Pad2)")
  (net 197 "Net-(R81-Pad2)")
  (net 198 Curent11)
  (net 199 Curent12)
  (net 200 Curent13)
  (net 201 Drive11)
  (net 202 Drive12)
  (net 203 Drive13)
  (net 204 "Net-(R97-Pad2)")
  (net 205 "Net-(R98-Pad2)")
  (net 206 "Net-(R99-Pad2)")
  (net 207 Curent21)
  (net 208 Curent22)
  (net 209 Curent23)
  (net 210 "Net-(R124-Pad2)")
  (net 211 "Net-(R125-Pad2)")
  (net 212 Curent25)
  (net 213 Curent26)
  (net 214 Drive25)
  (net 215 Drive26)
  (net 216 Temp1_input)
  (net 217 Temp3_input)
  (net 218 "Net-(R138-Pad1)")
  (net 219 "Net-(R139-Pad1)")
  (net 220 "Net-(R142-Pad1)")
  (net 221 "Net-(R143-Pad1)")
  (net 222 Temp4_input)
  (net 223 Temp2_input)
  (net 224 "Net-(R146-Pad1)")
  (net 225 "Net-(R147-Pad1)")
  (net 226 "Net-(R150-Pad1)")
  (net 227 "Net-(R151-Pad1)")
  (net 228 In0)
  (net 229 "Net-(R152-Pad1)")
  (net 230 In1)
  (net 231 "Net-(R153-Pad1)")
  (net 232 Input0)
  (net 233 Input1)
  (net 234 In2)
  (net 235 "Net-(R156-Pad1)")
  (net 236 In3)
  (net 237 "Net-(R157-Pad1)")
  (net 238 Input2)
  (net 239 Input3)
  (net 240 "Net-(R160-Pad2)")
  (net 241 "Net-(R161-Pad2)")
  (net 242 "Net-(R162-Pad2)")
  (net 243 "Net-(R163-Pad2)")
  (net 244 DigitalOut1)
  (net 245 DigitalOut2)
  (net 246 DigitalOut3)
  (net 247 DigitalOut4)
  (net 248 SDA)
  (net 249 SCK)
  (net 250 HC_drive1)
  (net 251 HC_drive2)
  (net 252 HC_drive3)
  (net 253 USB_DP)
  (net 254 USB_DM)
  (net 255 "Net-(U1-Pad2)")
  (net 256 ADC0)
  (net 257 ADC1)
  (net 258 ADC2)
  (net 259 uC_out1)
  (net 260 ADC_s0)
  (net 261 ADC_s1)
  (net 262 ADC_s2)
  (net 263 ADC_s3)
  (net 264 ADC_s4)
  (net 265 ADC_s5)
  (net 266 ADC_s6)
  (net 267 ADC_s7)
  (net 268 uC_out2)
  (net 269 uC_out3)
  (net 270 "Net-(U1-Pad36)")
  (net 271 uC_out4)
  (net 272 "Net-(U1-Pad38)")
  (net 273 "Net-(U1-Pad40)")
  (net 274 ADC_s8)
  (net 275 "Net-(U1-Pad43)")
  (net 276 "Net-(U1-Pad51)")
  (net 277 "Net-(U1-Pad53)")
  (net 278 Can1_RX)
  (net 279 Can1_TX)
  (net 280 "Net-(U37-Pad11)")
  (net 281 "Net-(U37-Pad14)")
  (net 282 "Net-(U37-Pad19)")
  (net 283 "Net-(U37-Pad20)")
  (net 284 "Net-(U37-Pad28)")
  (net 285 Curent24)

  (net_class Default "This is the default net class."
    (clearance 0.2)
    (trace_width 0.25)
    (via_dia 0.8)
    (via_drill 0.4)
    (uvia_dia 0.3)
    (uvia_drill 0.1)
    (add_net +12V)
    (add_net +5V)
    (add_net 5V_USB)
    (add_net ADC0)
    (add_net ADC1)
    (add_net ADC2)
    (add_net ADC_s0)
    (add_net ADC_s1)
    (add_net ADC_s2)
    (add_net ADC_s3)
    (add_net ADC_s4)
    (add_net ADC_s5)
    (add_net ADC_s6)
    (add_net ADC_s7)
    (add_net ADC_s8)
    (add_net BOOT0)
    (add_net Buzzer)
    (add_net Can1_H)
    (add_net Can1_L)
    (add_net Can1_RX)
    (add_net Can1_TX)
    (add_net Curent1)
    (add_net Curent10)
    (add_net Curent11)
    (add_net Curent12)
    (add_net Curent13)
    (add_net Curent2)
    (add_net Curent21)
    (add_net Curent22)
    (add_net Curent23)
    (add_net Curent24)
    (add_net Curent25)
    (add_net Curent26)
    (add_net Curent3)
    (add_net Curent4)
    (add_net Curent5)
    (add_net Curent6)
    (add_net Curent7)
    (add_net Curent8)
    (add_net Curent9)
    (add_net DigitalOut1)
    (add_net DigitalOut2)
    (add_net DigitalOut3)
    (add_net DigitalOut4)
    (add_net Drive1)
    (add_net Drive10)
    (add_net Drive11)
    (add_net Drive12)
    (add_net Drive13)
    (add_net Drive2)
    (add_net Drive21_1)
    (add_net Drive22_1)
    (add_net Drive23_1)
    (add_net Drive25)
    (add_net Drive26)
    (add_net Drive3)
    (add_net Drive4)
    (add_net Drive5)
    (add_net Drive6)
    (add_net Drive7)
    (add_net Drive8)
    (add_net Drive9)
    (add_net HC_drive1)
    (add_net HC_drive2)
    (add_net HC_drive3)
    (add_net In0)
    (add_net In1)
    (add_net In2)
    (add_net In3)
    (add_net Input0)
    (add_net Input1)
    (add_net Input2)
    (add_net Input3)
    (add_net NRST)
    (add_net "Net-(BZ1-Pad2)")
    (add_net "Net-(C15-Pad1)")
    (add_net "Net-(C16-Pad1)")
    (add_net "Net-(C28-Pad1)")
    (add_net "Net-(C29-Pad1)")
    (add_net "Net-(C30-Pad1)")
    (add_net "Net-(D10-Pad2)")
    (add_net "Net-(D11-Pad2)")
    (add_net "Net-(D12-Pad2)")
    (add_net "Net-(D13-Pad2)")
    (add_net "Net-(D4-Pad2)")
    (add_net "Net-(D5-Pad1)")
    (add_net "Net-(D6-Pad2)")
    (add_net "Net-(D7-Pad1)")
    (add_net "Net-(D8-Pad2)")
    (add_net "Net-(F10-Pad2)")
    (add_net "Net-(F11-Pad2)")
    (add_net "Net-(F12-Pad2)")
    (add_net "Net-(F13-Pad2)")
    (add_net "Net-(F14-Pad2)")
    (add_net "Net-(F15-Pad2)")
    (add_net "Net-(F16-Pad2)")
    (add_net "Net-(F17-Pad2)")
    (add_net "Net-(F18-Pad2)")
    (add_net "Net-(F19-Pad2)")
    (add_net "Net-(F2-Pad1)")
    (add_net "Net-(F20-Pad2)")
    (add_net "Net-(F3-Pad2)")
    (add_net "Net-(F4-Pad2)")
    (add_net "Net-(F5-Pad2)")
    (add_net "Net-(F6-Pad2)")
    (add_net "Net-(F7-Pad2)")
    (add_net "Net-(F8-Pad2)")
    (add_net "Net-(F9-Pad2)")
    (add_net "Net-(J10-Pad2)")
    (add_net "Net-(J10-Pad3)")
    (add_net "Net-(J10-Pad4)")
    (add_net "Net-(J2-Pad6)")
    (add_net "Net-(J4-Pad10)")
    (add_net "Net-(J4-Pad9)")
    (add_net "Net-(J5-Pad1)")
    (add_net "Net-(J6-Pad2)")
    (add_net "Net-(J7-Pad2)")
    (add_net "Net-(J8-Pad2)")
    (add_net "Net-(J9-Pad2)")
    (add_net "Net-(Q1-Pad1)")
    (add_net "Net-(Q10-Pad1)")
    (add_net "Net-(Q10-Pad3)")
    (add_net "Net-(Q11-Pad1)")
    (add_net "Net-(Q11-Pad3)")
    (add_net "Net-(Q12-Pad1)")
    (add_net "Net-(Q12-Pad3)")
    (add_net "Net-(Q13-Pad1)")
    (add_net "Net-(Q13-Pad3)")
    (add_net "Net-(Q14-Pad1)")
    (add_net "Net-(Q14-Pad3)")
    (add_net "Net-(Q15-Pad1)")
    (add_net "Net-(Q15-Pad3)")
    (add_net "Net-(Q16-Pad1)")
    (add_net "Net-(Q16-Pad3)")
    (add_net "Net-(Q17-Pad1)")
    (add_net "Net-(Q18-Pad1)")
    (add_net "Net-(Q19-Pad1)")
    (add_net "Net-(Q2-Pad1)")
    (add_net "Net-(Q2-Pad3)")
    (add_net "Net-(Q20-Pad1)")
    (add_net "Net-(Q21-Pad1)")
    (add_net "Net-(Q22-Pad1)")
    (add_net "Net-(Q22-Pad3)")
    (add_net "Net-(Q23-Pad1)")
    (add_net "Net-(Q23-Pad3)")
    (add_net "Net-(Q24-Pad1)")
    (add_net "Net-(Q24-Pad3)")
    (add_net "Net-(Q25-Pad1)")
    (add_net "Net-(Q26-Pad1)")
    (add_net "Net-(Q27-Pad1)")
    (add_net "Net-(Q28-Pad1)")
    (add_net "Net-(Q28-Pad3)")
    (add_net "Net-(Q29-Pad1)")
    (add_net "Net-(Q3-Pad1)")
    (add_net "Net-(Q3-Pad3)")
    (add_net "Net-(Q30-Pad1)")
    (add_net "Net-(Q30-Pad3)")
    (add_net "Net-(Q31-Pad1)")
    (add_net "Net-(Q32-Pad1)")
    (add_net "Net-(Q32-Pad3)")
    (add_net "Net-(Q33-Pad1)")
    (add_net "Net-(Q34-Pad1)")
    (add_net "Net-(Q35-Pad1)")
    (add_net "Net-(Q36-Pad1)")
    (add_net "Net-(Q37-Pad1)")
    (add_net "Net-(Q38-Pad1)")
    (add_net "Net-(Q39-Pad1)")
    (add_net "Net-(Q4-Pad1)")
    (add_net "Net-(Q4-Pad3)")
    (add_net "Net-(Q40-Pad1)")
    (add_net "Net-(Q40-Pad3)")
    (add_net "Net-(Q41-Pad1)")
    (add_net "Net-(Q41-Pad3)")
    (add_net "Net-(Q42-Pad1)")
    (add_net "Net-(Q43-Pad1)")
    (add_net "Net-(Q44-Pad1)")
    (add_net "Net-(Q45-Pad1)")
    (add_net "Net-(Q46-Pad1)")
    (add_net "Net-(Q5-Pad3)")
    (add_net "Net-(Q6-Pad3)")
    (add_net "Net-(Q7-Pad1)")
    (add_net "Net-(Q8-Pad1)")
    (add_net "Net-(Q9-Pad1)")
    (add_net "Net-(R124-Pad2)")
    (add_net "Net-(R125-Pad2)")
    (add_net "Net-(R138-Pad1)")
    (add_net "Net-(R139-Pad1)")
    (add_net "Net-(R142-Pad1)")
    (add_net "Net-(R143-Pad1)")
    (add_net "Net-(R146-Pad1)")
    (add_net "Net-(R147-Pad1)")
    (add_net "Net-(R150-Pad1)")
    (add_net "Net-(R151-Pad1)")
    (add_net "Net-(R152-Pad1)")
    (add_net "Net-(R153-Pad1)")
    (add_net "Net-(R156-Pad1)")
    (add_net "Net-(R157-Pad1)")
    (add_net "Net-(R160-Pad2)")
    (add_net "Net-(R161-Pad2)")
    (add_net "Net-(R162-Pad2)")
    (add_net "Net-(R163-Pad2)")
    (add_net "Net-(R19-Pad2)")
    (add_net "Net-(R20-Pad2)")
    (add_net "Net-(R21-Pad2)")
    (add_net "Net-(R22-Pad2)")
    (add_net "Net-(R23-Pad2)")
    (add_net "Net-(R49-Pad2)")
    (add_net "Net-(R50-Pad2)")
    (add_net "Net-(R51-Pad2)")
    (add_net "Net-(R52-Pad2)")
    (add_net "Net-(R53-Pad2)")
    (add_net "Net-(R79-Pad2)")
    (add_net "Net-(R80-Pad2)")
    (add_net "Net-(R81-Pad2)")
    (add_net "Net-(R97-Pad2)")
    (add_net "Net-(R98-Pad2)")
    (add_net "Net-(R99-Pad2)")
    (add_net "Net-(U1-Pad2)")
    (add_net "Net-(U1-Pad36)")
    (add_net "Net-(U1-Pad38)")
    (add_net "Net-(U1-Pad40)")
    (add_net "Net-(U1-Pad43)")
    (add_net "Net-(U1-Pad51)")
    (add_net "Net-(U1-Pad53)")
    (add_net "Net-(U37-Pad11)")
    (add_net "Net-(U37-Pad14)")
    (add_net "Net-(U37-Pad19)")
    (add_net "Net-(U37-Pad20)")
    (add_net "Net-(U37-Pad28)")
    (add_net Out1)
    (add_net Out10)
    (add_net Out11)
    (add_net Out12)
    (add_net Out2)
    (add_net Out21)
    (add_net Out22)
    (add_net Out23)
    (add_net Out25)
    (add_net Out26)
    (add_net Out3)
    (add_net Out4)
    (add_net Out5)
    (add_net Out6)
    (add_net Out7)
    (add_net Out8)
    (add_net Out9)
    (add_net PH0)
    (add_net PH1)
    (add_net RTC_PH0)
    (add_net RTC_PH1)
    (add_net SCK)
    (add_net SDA)
    (add_net SDIO_CK)
    (add_net SDIO_CMD)
    (add_net SDIO_D0)
    (add_net SDIO_D1)
    (add_net SDIO_D2)
    (add_net SDIO_D3)
    (add_net SWCLK)
    (add_net SWDIO)
    (add_net SWGND)
    (add_net SW_VDD)
    (add_net Safety)
    (add_net SensorSupply)
    (add_net SupplyVoltage)
    (add_net Supply_check)
    (add_net Temp1)
    (add_net Temp1_input)
    (add_net Temp2)
    (add_net Temp2_input)
    (add_net Temp3)
    (add_net Temp3_input)
    (add_net Temp4)
    (add_net Temp4_input)
    (add_net USB_DM)
    (add_net USB_DP)
    (add_net VBAT)
    (add_net VCAP)
    (add_net VDD)
    (add_net VDDA)
    (add_net VDD_Fused)
    (add_net uC_out1)
    (add_net uC_out2)
    (add_net uC_out3)
    (add_net uC_out4)
  )

  (module Battery:BatteryHolder_Keystone_103_1x20mm (layer F.Cu) (tedit 5787C32C) (tstamp 60050126)
    (at 179.990166 40.975001 270)
    (descr http://www.keyelco.com/product-pdf.cfm?p=719)
    (tags "Keystone type 103 battery holder")
    (path /5FF9E636)
    (fp_text reference BT1 (at 0 -4.3 90) (layer F.SilkS)
      (effects (font (size 1 1) (thickness 0.15)))
    )
    (fp_text value Battery_Cell (at 15 13 90) (layer F.Fab)
      (effects (font (size 1 1) (thickness 0.15)))
    )
    (fp_text user + (at 2.75 0 90) (layer F.SilkS)
      (effects (font (size 1.5 1.5) (thickness 0.15)))
    )
    (fp_text user %R (at 0 0 90) (layer F.Fab)
      (effects (font (size 1 1) (thickness 0.15)))
    )
    (fp_arc (start 15.2 0) (end 4.01 3.6) (angle -162.5) (layer F.CrtYd) (width 0.05))
    (fp_arc (start 15.2 0) (end 4.01 -3.6) (angle 162.5) (layer F.CrtYd) (width 0.05))
    (fp_arc (start 3.5 3.8) (end 3.5 3.25) (angle 70) (layer F.CrtYd) (width 0.05))
    (fp_arc (start 3.5 -3.8) (end 3.5 -3.25) (angle -70) (layer F.CrtYd) (width 0.05))
    (fp_arc (start 15.2 0) (end 4.25 3.5) (angle -162.5) (layer F.SilkS) (width 0.12))
    (fp_arc (start 3.5 3.8) (end 3.5 3) (angle 70) (layer F.SilkS) (width 0.12))
    (fp_arc (start 15.2 0) (end 4.25 -3.5) (angle 162.5) (layer F.SilkS) (width 0.12))
    (fp_arc (start 3.5 -3.8) (end 3.5 -3) (angle -70) (layer F.SilkS) (width 0.12))
    (fp_arc (start 3.5 3.8) (end 3.5 2.9) (angle 70) (layer F.Fab) (width 0.1))
    (fp_arc (start 15.2 0) (end 4.35 3.5) (angle -162.5) (layer F.Fab) (width 0.1))
    (fp_arc (start 15.2 0) (end 4.35 -3.5) (angle 162.5) (layer F.Fab) (width 0.1))
    (fp_arc (start 15.2 0) (end 5.2 1.3) (angle -180) (layer F.Fab) (width 0.1))
    (fp_line (start -2.45 -3.25) (end 3.5 -3.25) (layer F.CrtYd) (width 0.05))
    (fp_line (start -2.45 3.25) (end 3.5 3.25) (layer F.CrtYd) (width 0.05))
    (fp_line (start -2.45 3.25) (end -2.45 -3.25) (layer F.CrtYd) (width 0.05))
    (fp_line (start -2.2 -3) (end 3.5 -3) (layer F.SilkS) (width 0.12))
    (fp_line (start -2.2 3) (end -2.2 -3) (layer F.SilkS) (width 0.12))
    (fp_line (start -2.2 3) (end 3.5 3) (layer F.SilkS) (width 0.12))
    (fp_arc (start 15.2 0) (end 9 1.3) (angle -170) (layer F.Fab) (width 0.1))
    (fp_arc (start 15.2 0) (end 13.3 1.3) (angle -150) (layer F.Fab) (width 0.1))
    (fp_line (start 23.5712 7.7216) (end 22.6568 6.8834) (layer F.Fab) (width 0.1))
    (fp_line (start 23.5712 -7.7216) (end 22.6314 -6.858) (layer F.Fab) (width 0.1))
    (fp_arc (start 15.2 0) (end 13.3 -1.3) (angle 150) (layer F.Fab) (width 0.1))
    (fp_arc (start 15.2 0) (end 9 -1.3) (angle 170) (layer F.Fab) (width 0.1))
    (fp_arc (start 15.2 0) (end 5.2 -1.3) (angle 180) (layer F.Fab) (width 0.1))
    (fp_line (start 3.5306 -2.9) (end -1.7 -2.9) (layer F.Fab) (width 0.1))
    (fp_line (start -1.7 2.9) (end 3.5306 2.9) (layer F.Fab) (width 0.1))
    (fp_line (start -2.1 -2.5) (end -2.1 2.5) (layer F.Fab) (width 0.1))
    (fp_line (start 0 1.3) (end 16.2 1.3) (layer F.Fab) (width 0.1))
    (fp_line (start 16.2 -1.3) (end 0 -1.3) (layer F.Fab) (width 0.1))
    (fp_arc (start 3.5 -3.8) (end 3.5 -2.9) (angle -70) (layer F.Fab) (width 0.1))
    (fp_arc (start 16.2 0) (end 16.2 -1.3) (angle 180) (layer F.Fab) (width 0.1))
    (fp_line (start 0 -1.3) (end 0 1.3) (layer F.Fab) (width 0.1))
    (fp_arc (start -1.7 2.5) (end -2.1 2.5) (angle -90) (layer F.Fab) (width 0.1))
    (fp_arc (start -1.7 -2.5) (end -2.1 -2.5) (angle 90) (layer F.Fab) (width 0.1))
    (pad 2 thru_hole circle (at 20.49 0 270) (size 3 3) (drill 1.5) (layers *.Cu *.Mask)
      (net 1 SWGND))
    (pad 1 thru_hole rect (at 0 0 270) (size 3 3) (drill 1.5) (layers *.Cu *.Mask)
      (net 2 VBAT))
    (model ${KISYS3DMOD}/Battery.3dshapes/BatteryHolder_Keystone_103_1x20mm.wrl
      (at (xyz 0 0 0))
      (scale (xyz 1 1 1))
      (rotate (xyz 0 0 0))
    )
  )

  (module Buzzer_Beeper:Buzzer_TDK_PS1240P02BT_D12.2mm_H6.5mm (layer F.Cu) (tedit 5BF1CB2D) (tstamp 60050133)
    (at 170.944999 87.733432 270)
    (descr "Buzzer, D12.2mm height 6.5mm, https://product.tdk.com/info/en/catalog/datasheets/piezoelectronic_buzzer_ps_en.pdf")
    (tags buzzer)
    (path /6155CDE9)
    (fp_text reference BZ1 (at 2.5 -7.17 90) (layer F.SilkS)
      (effects (font (size 1 1) (thickness 0.15)))
    )
    (fp_text value Buzzer (at 2.5 7.31 90) (layer F.Fab)
      (effects (font (size 1 1) (thickness 0.15)))
    )
    (fp_text user %R (at 2.5 -2.43 90) (layer F.Fab)
      (effects (font (size 1 1) (thickness 0.15)))
    )
    (fp_circle (center 2.5 0) (end 8.85 0) (layer F.CrtYd) (width 0.05))
    (fp_circle (center 2.5 0) (end 8.6 0) (layer F.Fab) (width 0.1))
    (fp_circle (center 2.5 0) (end 3.5 0) (layer F.Fab) (width 0.1))
    (fp_circle (center 2.5 0) (end 8.73 0) (layer F.SilkS) (width 0.12))
    (fp_line (start -1.3 -1) (end -1.3 1) (layer F.Fab) (width 0.1))
    (fp_arc (start 2.5 0) (end -3.9 -1.5) (angle -26.38121493) (layer F.SilkS) (width 0.12))
    (pad 1 thru_hole rect (at 0 0 270) (size 2 2) (drill 1) (layers *.Cu *.Mask)
      (net 3 +5V))
    (pad 2 thru_hole circle (at 5 0 270) (size 2 2) (drill 1) (layers *.Cu *.Mask)
      (net 4 "Net-(BZ1-Pad2)"))
    (model ${KISYS3DMOD}/Buzzer_Beeper.3dshapes/Buzzer_TDK_PS1240P02BT_D12.2mm_H6.5mm.wrl
      (at (xyz 0 0 0))
      (scale (xyz 1 1 1))
      (rotate (xyz 0 0 0))
    )
  )

  (module Capacitor_SMD:C_0805_2012Metric (layer F.Cu) (tedit 5B36C52B) (tstamp 60050144)
    (at 159.994999 44.615001 270)
    (descr "Capacitor SMD 0805 (2012 Metric), square (rectangular) end terminal, IPC_7351 nominal, (Body size source: https://docs.google.com/spreadsheets/d/1BsfQQcO9C6DZCsRaXUlFlo91Tg2WpOkGARC1WS5S8t0/edit?usp=sharing), generated with kicad-footprint-generator")
    (tags capacitor)
    (path /5FFC035D)
    (attr smd)
    (fp_text reference C1 (at 0 -1.65 90) (layer F.SilkS)
      (effects (font (size 1 1) (thickness 0.15)))
    )
    (fp_text value 100n (at 0 1.65 90) (layer F.Fab)
      (effects (font (size 1 1) (thickness 0.15)))
    )
    (fp_text user %R (at 0 0 90) (layer F.Fab)
      (effects (font (size 0.5 0.5) (thickness 0.08)))
    )
    (fp_line (start 1.68 0.95) (end -1.68 0.95) (layer F.CrtYd) (width 0.05))
    (fp_line (start 1.68 -0.95) (end 1.68 0.95) (layer F.CrtYd) (width 0.05))
    (fp_line (start -1.68 -0.95) (end 1.68 -0.95) (layer F.CrtYd) (width 0.05))
    (fp_line (start -1.68 0.95) (end -1.68 -0.95) (layer F.CrtYd) (width 0.05))
    (fp_line (start -0.258578 0.71) (end 0.258578 0.71) (layer F.SilkS) (width 0.12))
    (fp_line (start -0.258578 -0.71) (end 0.258578 -0.71) (layer F.SilkS) (width 0.12))
    (fp_line (start 1 0.6) (end -1 0.6) (layer F.Fab) (width 0.1))
    (fp_line (start 1 -0.6) (end 1 0.6) (layer F.Fab) (width 0.1))
    (fp_line (start -1 -0.6) (end 1 -0.6) (layer F.Fab) (width 0.1))
    (fp_line (start -1 0.6) (end -1 -0.6) (layer F.Fab) (width 0.1))
    (pad 2 smd roundrect (at 0.9375 0 270) (size 0.975 1.4) (layers F.Cu F.Paste F.Mask) (roundrect_rratio 0.25)
      (net 1 SWGND))
    (pad 1 smd roundrect (at -0.9375 0 270) (size 0.975 1.4) (layers F.Cu F.Paste F.Mask) (roundrect_rratio 0.25)
      (net 5 VCAP))
    (model ${KISYS3DMOD}/Capacitor_SMD.3dshapes/C_0805_2012Metric.wrl
      (at (xyz 0 0 0))
      (scale (xyz 1 1 1))
      (rotate (xyz 0 0 0))
    )
  )

  (module Capacitor_SMD:C_0805_2012Metric (layer F.Cu) (tedit 5B36C52B) (tstamp 60050155)
    (at 159.994999 49.025001 270)
    (descr "Capacitor SMD 0805 (2012 Metric), square (rectangular) end terminal, IPC_7351 nominal, (Body size source: https://docs.google.com/spreadsheets/d/1BsfQQcO9C6DZCsRaXUlFlo91Tg2WpOkGARC1WS5S8t0/edit?usp=sharing), generated with kicad-footprint-generator")
    (tags capacitor)
    (path /5FFAD9CF)
    (attr smd)
    (fp_text reference C2 (at 0 -1.65 90) (layer F.SilkS)
      (effects (font (size 1 1) (thickness 0.15)))
    )
    (fp_text value 100nF (at 0 1.65 90) (layer F.Fab)
      (effects (font (size 1 1) (thickness 0.15)))
    )
    (fp_line (start -1 0.6) (end -1 -0.6) (layer F.Fab) (width 0.1))
    (fp_line (start -1 -0.6) (end 1 -0.6) (layer F.Fab) (width 0.1))
    (fp_line (start 1 -0.6) (end 1 0.6) (layer F.Fab) (width 0.1))
    (fp_line (start 1 0.6) (end -1 0.6) (layer F.Fab) (width 0.1))
    (fp_line (start -0.258578 -0.71) (end 0.258578 -0.71) (layer F.SilkS) (width 0.12))
    (fp_line (start -0.258578 0.71) (end 0.258578 0.71) (layer F.SilkS) (width 0.12))
    (fp_line (start -1.68 0.95) (end -1.68 -0.95) (layer F.CrtYd) (width 0.05))
    (fp_line (start -1.68 -0.95) (end 1.68 -0.95) (layer F.CrtYd) (width 0.05))
    (fp_line (start 1.68 -0.95) (end 1.68 0.95) (layer F.CrtYd) (width 0.05))
    (fp_line (start 1.68 0.95) (end -1.68 0.95) (layer F.CrtYd) (width 0.05))
    (fp_text user %R (at 0 0 90) (layer F.Fab)
      (effects (font (size 0.5 0.5) (thickness 0.08)))
    )
    (pad 1 smd roundrect (at -0.9375 0 270) (size 0.975 1.4) (layers F.Cu F.Paste F.Mask) (roundrect_rratio 0.25)
      (net 1 SWGND))
    (pad 2 smd roundrect (at 0.9375 0 270) (size 0.975 1.4) (layers F.Cu F.Paste F.Mask) (roundrect_rratio 0.25)
      (net 6 NRST))
    (model ${KISYS3DMOD}/Capacitor_SMD.3dshapes/C_0805_2012Metric.wrl
      (at (xyz 0 0 0))
      (scale (xyz 1 1 1))
      (rotate (xyz 0 0 0))
    )
  )

  (module Capacitor_SMD:C_0805_2012Metric (layer F.Cu) (tedit 5B36C52B) (tstamp 60050166)
    (at 190.794999 89.755001 270)
    (descr "Capacitor SMD 0805 (2012 Metric), square (rectangular) end terminal, IPC_7351 nominal, (Body size source: https://docs.google.com/spreadsheets/d/1BsfQQcO9C6DZCsRaXUlFlo91Tg2WpOkGARC1WS5S8t0/edit?usp=sharing), generated with kicad-footprint-generator")
    (tags capacitor)
    (path /5FF91D85)
    (attr smd)
    (fp_text reference C3 (at 0 -1.65 90) (layer F.SilkS)
      (effects (font (size 1 1) (thickness 0.15)))
    )
    (fp_text value 100nF (at 0 1.65 90) (layer F.Fab)
      (effects (font (size 1 1) (thickness 0.15)))
    )
    (fp_text user %R (at 0 0 90) (layer F.Fab)
      (effects (font (size 0.5 0.5) (thickness 0.08)))
    )
    (fp_line (start 1.68 0.95) (end -1.68 0.95) (layer F.CrtYd) (width 0.05))
    (fp_line (start 1.68 -0.95) (end 1.68 0.95) (layer F.CrtYd) (width 0.05))
    (fp_line (start -1.68 -0.95) (end 1.68 -0.95) (layer F.CrtYd) (width 0.05))
    (fp_line (start -1.68 0.95) (end -1.68 -0.95) (layer F.CrtYd) (width 0.05))
    (fp_line (start -0.258578 0.71) (end 0.258578 0.71) (layer F.SilkS) (width 0.12))
    (fp_line (start -0.258578 -0.71) (end 0.258578 -0.71) (layer F.SilkS) (width 0.12))
    (fp_line (start 1 0.6) (end -1 0.6) (layer F.Fab) (width 0.1))
    (fp_line (start 1 -0.6) (end 1 0.6) (layer F.Fab) (width 0.1))
    (fp_line (start -1 -0.6) (end 1 -0.6) (layer F.Fab) (width 0.1))
    (fp_line (start -1 0.6) (end -1 -0.6) (layer F.Fab) (width 0.1))
    (pad 2 smd roundrect (at 0.9375 0 270) (size 0.975 1.4) (layers F.Cu F.Paste F.Mask) (roundrect_rratio 0.25)
      (net 1 SWGND))
    (pad 1 smd roundrect (at -0.9375 0 270) (size 0.975 1.4) (layers F.Cu F.Paste F.Mask) (roundrect_rratio 0.25)
      (net 7 SW_VDD))
    (model ${KISYS3DMOD}/Capacitor_SMD.3dshapes/C_0805_2012Metric.wrl
      (at (xyz 0 0 0))
      (scale (xyz 1 1 1))
      (rotate (xyz 0 0 0))
    )
  )

  (module Capacitor_SMD:C_0805_2012Metric (layer F.Cu) (tedit 5B36C52B) (tstamp 60050177)
    (at 162.594999 65.405001 270)
    (descr "Capacitor SMD 0805 (2012 Metric), square (rectangular) end terminal, IPC_7351 nominal, (Body size source: https://docs.google.com/spreadsheets/d/1BsfQQcO9C6DZCsRaXUlFlo91Tg2WpOkGARC1WS5S8t0/edit?usp=sharing), generated with kicad-footprint-generator")
    (tags capacitor)
    (path /6001BA3C)
    (attr smd)
    (fp_text reference C4 (at 0 -1.65 90) (layer F.SilkS)
      (effects (font (size 1 1) (thickness 0.15)))
    )
    (fp_text value 100nF (at 0 1.65 90) (layer F.Fab)
      (effects (font (size 1 1) (thickness 0.15)))
    )
    (fp_text user %R (at 0 0 90) (layer F.Fab)
      (effects (font (size 0.5 0.5) (thickness 0.08)))
    )
    (fp_line (start 1.68 0.95) (end -1.68 0.95) (layer F.CrtYd) (width 0.05))
    (fp_line (start 1.68 -0.95) (end 1.68 0.95) (layer F.CrtYd) (width 0.05))
    (fp_line (start -1.68 -0.95) (end 1.68 -0.95) (layer F.CrtYd) (width 0.05))
    (fp_line (start -1.68 0.95) (end -1.68 -0.95) (layer F.CrtYd) (width 0.05))
    (fp_line (start -0.258578 0.71) (end 0.258578 0.71) (layer F.SilkS) (width 0.12))
    (fp_line (start -0.258578 -0.71) (end 0.258578 -0.71) (layer F.SilkS) (width 0.12))
    (fp_line (start 1 0.6) (end -1 0.6) (layer F.Fab) (width 0.1))
    (fp_line (start 1 -0.6) (end 1 0.6) (layer F.Fab) (width 0.1))
    (fp_line (start -1 -0.6) (end 1 -0.6) (layer F.Fab) (width 0.1))
    (fp_line (start -1 0.6) (end -1 -0.6) (layer F.Fab) (width 0.1))
    (pad 2 smd roundrect (at 0.9375 0 270) (size 0.975 1.4) (layers F.Cu F.Paste F.Mask) (roundrect_rratio 0.25)
      (net 1 SWGND))
    (pad 1 smd roundrect (at -0.9375 0 270) (size 0.975 1.4) (layers F.Cu F.Paste F.Mask) (roundrect_rratio 0.25)
      (net 7 SW_VDD))
    (model ${KISYS3DMOD}/Capacitor_SMD.3dshapes/C_0805_2012Metric.wrl
      (at (xyz 0 0 0))
      (scale (xyz 1 1 1))
      (rotate (xyz 0 0 0))
    )
  )

  (module Capacitor_SMD:C_0805_2012Metric (layer F.Cu) (tedit 5B36C52B) (tstamp 60050188)
    (at 190.794999 94.165001 270)
    (descr "Capacitor SMD 0805 (2012 Metric), square (rectangular) end terminal, IPC_7351 nominal, (Body size source: https://docs.google.com/spreadsheets/d/1BsfQQcO9C6DZCsRaXUlFlo91Tg2WpOkGARC1WS5S8t0/edit?usp=sharing), generated with kicad-footprint-generator")
    (tags capacitor)
    (path /6001E5D8)
    (attr smd)
    (fp_text reference C5 (at 0 -1.65 90) (layer F.SilkS)
      (effects (font (size 1 1) (thickness 0.15)))
    )
    (fp_text value 100nF (at 0 1.65 90) (layer F.Fab)
      (effects (font (size 1 1) (thickness 0.15)))
    )
    (fp_line (start -1 0.6) (end -1 -0.6) (layer F.Fab) (width 0.1))
    (fp_line (start -1 -0.6) (end 1 -0.6) (layer F.Fab) (width 0.1))
    (fp_line (start 1 -0.6) (end 1 0.6) (layer F.Fab) (width 0.1))
    (fp_line (start 1 0.6) (end -1 0.6) (layer F.Fab) (width 0.1))
    (fp_line (start -0.258578 -0.71) (end 0.258578 -0.71) (layer F.SilkS) (width 0.12))
    (fp_line (start -0.258578 0.71) (end 0.258578 0.71) (layer F.SilkS) (width 0.12))
    (fp_line (start -1.68 0.95) (end -1.68 -0.95) (layer F.CrtYd) (width 0.05))
    (fp_line (start -1.68 -0.95) (end 1.68 -0.95) (layer F.CrtYd) (width 0.05))
    (fp_line (start 1.68 -0.95) (end 1.68 0.95) (layer F.CrtYd) (width 0.05))
    (fp_line (start 1.68 0.95) (end -1.68 0.95) (layer F.CrtYd) (width 0.05))
    (fp_text user %R (at 0 0 90) (layer F.Fab)
      (effects (font (size 0.5 0.5) (thickness 0.08)))
    )
    (pad 1 smd roundrect (at -0.9375 0 270) (size 0.975 1.4) (layers F.Cu F.Paste F.Mask) (roundrect_rratio 0.25)
      (net 7 SW_VDD))
    (pad 2 smd roundrect (at 0.9375 0 270) (size 0.975 1.4) (layers F.Cu F.Paste F.Mask) (roundrect_rratio 0.25)
      (net 1 SWGND))
    (model ${KISYS3DMOD}/Capacitor_SMD.3dshapes/C_0805_2012Metric.wrl
      (at (xyz 0 0 0))
      (scale (xyz 1 1 1))
      (rotate (xyz 0 0 0))
    )
  )

  (module Capacitor_SMD:C_0805_2012Metric (layer F.Cu) (tedit 5B36C52B) (tstamp 60050199)
    (at 187.844999 89.755001 270)
    (descr "Capacitor SMD 0805 (2012 Metric), square (rectangular) end terminal, IPC_7351 nominal, (Body size source: https://docs.google.com/spreadsheets/d/1BsfQQcO9C6DZCsRaXUlFlo91Tg2WpOkGARC1WS5S8t0/edit?usp=sharing), generated with kicad-footprint-generator")
    (tags capacitor)
    (path /60020EBA)
    (attr smd)
    (fp_text reference C6 (at 0 -1.65 90) (layer F.SilkS)
      (effects (font (size 1 1) (thickness 0.15)))
    )
    (fp_text value 100nF (at 0 1.65 90) (layer F.Fab)
      (effects (font (size 1 1) (thickness 0.15)))
    )
    (fp_text user %R (at 0 0 90) (layer F.Fab)
      (effects (font (size 0.5 0.5) (thickness 0.08)))
    )
    (fp_line (start 1.68 0.95) (end -1.68 0.95) (layer F.CrtYd) (width 0.05))
    (fp_line (start 1.68 -0.95) (end 1.68 0.95) (layer F.CrtYd) (width 0.05))
    (fp_line (start -1.68 -0.95) (end 1.68 -0.95) (layer F.CrtYd) (width 0.05))
    (fp_line (start -1.68 0.95) (end -1.68 -0.95) (layer F.CrtYd) (width 0.05))
    (fp_line (start -0.258578 0.71) (end 0.258578 0.71) (layer F.SilkS) (width 0.12))
    (fp_line (start -0.258578 -0.71) (end 0.258578 -0.71) (layer F.SilkS) (width 0.12))
    (fp_line (start 1 0.6) (end -1 0.6) (layer F.Fab) (width 0.1))
    (fp_line (start 1 -0.6) (end 1 0.6) (layer F.Fab) (width 0.1))
    (fp_line (start -1 -0.6) (end 1 -0.6) (layer F.Fab) (width 0.1))
    (fp_line (start -1 0.6) (end -1 -0.6) (layer F.Fab) (width 0.1))
    (pad 2 smd roundrect (at 0.9375 0 270) (size 0.975 1.4) (layers F.Cu F.Paste F.Mask) (roundrect_rratio 0.25)
      (net 1 SWGND))
    (pad 1 smd roundrect (at -0.9375 0 270) (size 0.975 1.4) (layers F.Cu F.Paste F.Mask) (roundrect_rratio 0.25)
      (net 7 SW_VDD))
    (model ${KISYS3DMOD}/Capacitor_SMD.3dshapes/C_0805_2012Metric.wrl
      (at (xyz 0 0 0))
      (scale (xyz 1 1 1))
      (rotate (xyz 0 0 0))
    )
  )

  (module Capacitor_SMD:C_0805_2012Metric (layer F.Cu) (tedit 5B36C52B) (tstamp 600501AA)
    (at 167.194999 75.105001 270)
    (descr "Capacitor SMD 0805 (2012 Metric), square (rectangular) end terminal, IPC_7351 nominal, (Body size source: https://docs.google.com/spreadsheets/d/1BsfQQcO9C6DZCsRaXUlFlo91Tg2WpOkGARC1WS5S8t0/edit?usp=sharing), generated with kicad-footprint-generator")
    (tags capacitor)
    (path /5FFCF9EC)
    (attr smd)
    (fp_text reference C7 (at 0 -1.65 90) (layer F.SilkS)
      (effects (font (size 1 1) (thickness 0.15)))
    )
    (fp_text value 22p (at 0 1.65 90) (layer F.Fab)
      (effects (font (size 1 1) (thickness 0.15)))
    )
    (fp_line (start -1 0.6) (end -1 -0.6) (layer F.Fab) (width 0.1))
    (fp_line (start -1 -0.6) (end 1 -0.6) (layer F.Fab) (width 0.1))
    (fp_line (start 1 -0.6) (end 1 0.6) (layer F.Fab) (width 0.1))
    (fp_line (start 1 0.6) (end -1 0.6) (layer F.Fab) (width 0.1))
    (fp_line (start -0.258578 -0.71) (end 0.258578 -0.71) (layer F.SilkS) (width 0.12))
    (fp_line (start -0.258578 0.71) (end 0.258578 0.71) (layer F.SilkS) (width 0.12))
    (fp_line (start -1.68 0.95) (end -1.68 -0.95) (layer F.CrtYd) (width 0.05))
    (fp_line (start -1.68 -0.95) (end 1.68 -0.95) (layer F.CrtYd) (width 0.05))
    (fp_line (start 1.68 -0.95) (end 1.68 0.95) (layer F.CrtYd) (width 0.05))
    (fp_line (start 1.68 0.95) (end -1.68 0.95) (layer F.CrtYd) (width 0.05))
    (fp_text user %R (at 0 0 90) (layer F.Fab)
      (effects (font (size 0.5 0.5) (thickness 0.08)))
    )
    (pad 1 smd roundrect (at -0.9375 0 270) (size 0.975 1.4) (layers F.Cu F.Paste F.Mask) (roundrect_rratio 0.25)
      (net 8 PH0))
    (pad 2 smd roundrect (at 0.9375 0 270) (size 0.975 1.4) (layers F.Cu F.Paste F.Mask) (roundrect_rratio 0.25)
      (net 1 SWGND))
    (model ${KISYS3DMOD}/Capacitor_SMD.3dshapes/C_0805_2012Metric.wrl
      (at (xyz 0 0 0))
      (scale (xyz 1 1 1))
      (rotate (xyz 0 0 0))
    )
  )

  (module Capacitor_SMD:C_0805_2012Metric (layer F.Cu) (tedit 5B36C52B) (tstamp 600501BB)
    (at 187.844999 94.165001 270)
    (descr "Capacitor SMD 0805 (2012 Metric), square (rectangular) end terminal, IPC_7351 nominal, (Body size source: https://docs.google.com/spreadsheets/d/1BsfQQcO9C6DZCsRaXUlFlo91Tg2WpOkGARC1WS5S8t0/edit?usp=sharing), generated with kicad-footprint-generator")
    (tags capacitor)
    (path /6000E775)
    (attr smd)
    (fp_text reference C8 (at 0 -1.65 90) (layer F.SilkS)
      (effects (font (size 1 1) (thickness 0.15)))
    )
    (fp_text value 22p (at 0 1.65 90) (layer F.Fab)
      (effects (font (size 1 1) (thickness 0.15)))
    )
    (fp_text user %R (at 0 0 90) (layer F.Fab)
      (effects (font (size 0.5 0.5) (thickness 0.08)))
    )
    (fp_line (start 1.68 0.95) (end -1.68 0.95) (layer F.CrtYd) (width 0.05))
    (fp_line (start 1.68 -0.95) (end 1.68 0.95) (layer F.CrtYd) (width 0.05))
    (fp_line (start -1.68 -0.95) (end 1.68 -0.95) (layer F.CrtYd) (width 0.05))
    (fp_line (start -1.68 0.95) (end -1.68 -0.95) (layer F.CrtYd) (width 0.05))
    (fp_line (start -0.258578 0.71) (end 0.258578 0.71) (layer F.SilkS) (width 0.12))
    (fp_line (start -0.258578 -0.71) (end 0.258578 -0.71) (layer F.SilkS) (width 0.12))
    (fp_line (start 1 0.6) (end -1 0.6) (layer F.Fab) (width 0.1))
    (fp_line (start 1 -0.6) (end 1 0.6) (layer F.Fab) (width 0.1))
    (fp_line (start -1 -0.6) (end 1 -0.6) (layer F.Fab) (width 0.1))
    (fp_line (start -1 0.6) (end -1 -0.6) (layer F.Fab) (width 0.1))
    (pad 2 smd roundrect (at 0.9375 0 270) (size 0.975 1.4) (layers F.Cu F.Paste F.Mask) (roundrect_rratio 0.25)
      (net 1 SWGND))
    (pad 1 smd roundrect (at -0.9375 0 270) (size 0.975 1.4) (layers F.Cu F.Paste F.Mask) (roundrect_rratio 0.25)
      (net 9 PH1))
    (model ${KISYS3DMOD}/Capacitor_SMD.3dshapes/C_0805_2012Metric.wrl
      (at (xyz 0 0 0))
      (scale (xyz 1 1 1))
      (rotate (xyz 0 0 0))
    )
  )

  (module Capacitor_SMD:C_0805_2012Metric (layer F.Cu) (tedit 5B36C52B) (tstamp 600501CC)
    (at 159.994999 40.205001 270)
    (descr "Capacitor SMD 0805 (2012 Metric), square (rectangular) end terminal, IPC_7351 nominal, (Body size source: https://docs.google.com/spreadsheets/d/1BsfQQcO9C6DZCsRaXUlFlo91Tg2WpOkGARC1WS5S8t0/edit?usp=sharing), generated with kicad-footprint-generator")
    (tags capacitor)
    (path /5FF97C93)
    (attr smd)
    (fp_text reference C9 (at 0 -1.65 90) (layer F.SilkS)
      (effects (font (size 1 1) (thickness 0.15)))
    )
    (fp_text value C_Small (at 0 1.65 90) (layer F.Fab)
      (effects (font (size 1 1) (thickness 0.15)))
    )
    (fp_line (start -1 0.6) (end -1 -0.6) (layer F.Fab) (width 0.1))
    (fp_line (start -1 -0.6) (end 1 -0.6) (layer F.Fab) (width 0.1))
    (fp_line (start 1 -0.6) (end 1 0.6) (layer F.Fab) (width 0.1))
    (fp_line (start 1 0.6) (end -1 0.6) (layer F.Fab) (width 0.1))
    (fp_line (start -0.258578 -0.71) (end 0.258578 -0.71) (layer F.SilkS) (width 0.12))
    (fp_line (start -0.258578 0.71) (end 0.258578 0.71) (layer F.SilkS) (width 0.12))
    (fp_line (start -1.68 0.95) (end -1.68 -0.95) (layer F.CrtYd) (width 0.05))
    (fp_line (start -1.68 -0.95) (end 1.68 -0.95) (layer F.CrtYd) (width 0.05))
    (fp_line (start 1.68 -0.95) (end 1.68 0.95) (layer F.CrtYd) (width 0.05))
    (fp_line (start 1.68 0.95) (end -1.68 0.95) (layer F.CrtYd) (width 0.05))
    (fp_text user %R (at 0 0 90) (layer F.Fab)
      (effects (font (size 0.5 0.5) (thickness 0.08)))
    )
    (pad 1 smd roundrect (at -0.9375 0 270) (size 0.975 1.4) (layers F.Cu F.Paste F.Mask) (roundrect_rratio 0.25)
      (net 10 VDDA))
    (pad 2 smd roundrect (at 0.9375 0 270) (size 0.975 1.4) (layers F.Cu F.Paste F.Mask) (roundrect_rratio 0.25)
      (net 1 SWGND))
    (model ${KISYS3DMOD}/Capacitor_SMD.3dshapes/C_0805_2012Metric.wrl
      (at (xyz 0 0 0))
      (scale (xyz 1 1 1))
      (rotate (xyz 0 0 0))
    )
  )

  (module Capacitor_SMD:C_0805_2012Metric (layer F.Cu) (tedit 5B36C52B) (tstamp 600501DD)
    (at 162.644999 69.815001 270)
